{
    "render_information": {
        "blender_version": [
            2,
            92,
            0
        ],
        "num_samples": 500,
        "resolution_x": 640,
        "resolution_y": 480,
        "rendering_engine": "RenderingEngine.CYCLES",
        "random_seed": 0,
        "physics_sim_duration": 50,
        "api_version": "1.1"
    },
    "scene_setup_information": {
        "max_objects_per_scene_total": 8,
        "max_objects_per_scene_transparent": 8,
        "max_objects_per_scene_opaque": 0,
        "min_objects_per_scene": 5,
        "workspace_size": [
            0.512,
            0.512,
            0.256
        ],
        "camera_workspace_size": {
            "min": [
                -0.512,
                -0.512,
                0.512
            ],
            "max": [
                0.512,
                0.512,
                1.024
            ]
        },
        "camera_target_workspace_size": [
            0.256,
            0.256,
            0
        ],
        "floor_size": 8.522007589487957,
        "floor_size_range": {
            "min": 0.5,
            "max": 10.0
        },
        "floor_offset_range": {
            "min": 0.001,
            "max": 0.05
        },
        "collision_margin": 0.0001,
        "friction": 10,
        "camera_min_dist_from_origin": 0.1,
        "camera_max_dist_from_origin": 0.75,
        "camera_min_height": 0.5,
        "cam_min_dist_to_object": 0.1,
        "max_attempts_camera_randomization": 5
    },
    "environment": {
        "hdri": {
            "image": "hdri_haven/piazza_bologni_4k.hdr",
            "rotation_xyz_rad": [
                0.0,
                0.0,
                0.0
            ]
        }
    },
    "camera": {
        "focal_length_mm": 0.7220916748046875,
        "field_of_view": {
            "x_axis_rads": 1.2112585306167603,
            "y_axis_rads": 1.2112585306167603
        },
        "sensor_size": {
            "height_mm": 1.0,
            "width_mm": 1.0
        },
        "resolution": {
            "width_px": 640.0,
            "height_px": 480.0
        },
        "intrinsics": [
            [
                462.138671875,
                0.0,
                320.0
            ],
            [
                0.0,
                462.138671875,
                240.0
            ],
            [
                0.0,
                0.0,
                1.0
            ]
        ],
        "transforms": {
            "blender_cam": {
                "world2cam": {
                    "mat_4x4": [
                        [
                            0.7857882380485535,
                            0.618495523929596,
                            1.4363603639822031e-08,
                            -0.03345851972699165
                        ],
                        [
                            -0.3614446818828583,
                            0.45920947194099426,
                            0.8114703893661499,
                            -0.07931031286716461
                        ],
                        [
                            0.5018908977508545,
                            -0.6376438736915588,
                            0.5843933820724487,
                            -0.403224915266037
                        ],
                        [
                            0.0,
                            0.0,
                            0.0,
                            1.0
                        ]
                    ],
                    "quaternion_wxyz": [
                        0.8410395979881287,
                        -0.43075090646743774,
                        -0.14918765425682068,
                        -0.2912883758544922
                    ],
                    "translation_xyz": [
                        -0.03345851972699165,
                        -0.07931031286716461,
                        -0.403224915266037
                    ]
                },
                "cam2world": {
                    "mat_4x4": [
                        [
                            0.7857882380485535,
                            -0.36144477128982544,
                            0.501891016960144,
                            0.20000000298023224
                        ],
                        [
                            0.6184957027435303,
                            0.4592094123363495,
                            -0.6376439929008484,
                            -0.20000000298023224
                        ],
                        [
                            0.0,
                            0.8114705085754395,
                            0.5843933820724487,
                            0.30000001192092896
                        ],
                        [
                            0.0,
                            0.0,
                            0.0,
                            1.0
                        ]
                    ],
                    "quaternion_wxyz": [
                        0.841039776802063,
                        0.4307509958744049,
                        0.14918768405914307,
                        0.29128843545913696
                    ],
                    "translation_xyz": [
                        0.20000000298023224,
                        -0.20000000298023224,
                        0.30000001192092896
                    ]
                }
            },
            "numpy_cam": {
                "world2cam": {
                    "mat_4x4": [
                        [
                            0.7857882380485535,
                            0.6184955835342407,
                            6.660810569769637e-09,
                            -0.03345851972699165
                        ],
                        [
                            0.3614446520805359,
                            -0.459209144115448,
                            -0.8114704489707947,
                            0.079310342669487
                        ],
                        [
                            -0.5018909573554993,
                            0.6376439332962036,
                            -0.5843930244445801,
                            0.403224915266037
                        ],
                        [
                            0.0,
                            0.0,
                            0.0,
                            1.0
                        ]
                    ],
                    "quaternion_wxyz": [
                        -0.43075093626976013,
                        -0.8410395979881287,
                        -0.2912883758544922,
                        0.14918766915798187
                    ],
                    "translation_xyz": [
                        -0.03345851972699165,
                        0.079310342669487,
                        0.403224915266037
                    ]
                },
                "cam2world": {
                    "mat_4x4": [
                        [
                            0.7857881784439087,
                            0.36144474148750305,
                            -0.5018910765647888,
                            0.20000000298023224
                        ],
                        [
                            0.6184957027435303,
                            -0.45920953154563904,
                            0.6376441121101379,
                            -0.19999995827674866
                        ],
                        [
                            6.425802112630663e-09,
                            -0.8114706873893738,
                            -0.5843935012817383,
                            0.29999998211860657
                        ],
                        [
                            0.0,
                            0.0,
                            0.0,
                            1.0
                        ]
                    ],
                    "quaternion_wxyz": [
                        -0.4307509958744049,
                        0.8410397171974182,
                        0.2912884056568146,
                        -0.14918768405914307
                    ],
                    "translation_xyz": [
                        0.20000000298023224,
                        -0.19999995827674866,
                        0.29999998211860657
                    ]
                }
            }
        }
    },
    "material_mapping": {
        "Floor": 1,
        "Transparent": 2,
        "Opaque": 3
    },
    "objects": [
        {
            "file_id": "floorPlane",
            "obj_id": 1,
            "material": "Floor",
            "material_id": 1,
            "location_xyz": [
                0.0,
                0.0,
                0.024810457602143288
            ],
            "rotation_euler_xyz": [
                0.0,
                -0.0,
                0.0
            ],
            "rotation_quat_wxyz": [
                1.0,
                0.0,
                0.0,
                0.0
            ],
            "scale": [
                1.0,
                1.0,
                1.0
            ],
            "matrix_world": [
                [
                    1.0,
                    0.0,
                    0.0,
                    0.0
                ],
                [
                    0.0,
                    1.0,
                    0.0,
                    0.0
                ],
                [
                    0.0,
                    0.0,
                    1.0,
                    0.024810457602143288
                ],
                [
                    0.0,
                    0.0,
                    0.0,
                    1.0
                ]
            ]
        }
    ]
}
