{
    "render_information": {
        "blender_version": [
            2,
            92,
            0
        ],
        "num_samples": 500,
        "resolution_x": 640,
        "resolution_y": 480,
        "rendering_engine": "RenderingEngine.CYCLES",
        "random_seed": 0,
        "physics_sim_duration": 50,
        "api_version": "1.1"
    },
    "scene_setup_information": {
        "max_objects_per_scene_total": 8,
        "max_objects_per_scene_transparent": 8,
        "max_objects_per_scene_opaque": 0,
        "min_objects_per_scene": 5,
        "workspace_size": [
            0.512,
            0.512,
            0.256
        ],
        "camera_workspace_size": {
            "min": [
                -0.512,
                -0.512,
                0.512
            ],
            "max": [
                0.512,
                0.512,
                1.024
            ]
        },
        "camera_target_workspace_size": [
            0.256,
            0.256,
            0
        ],
        "floor_size": 8.522007589487957,
        "floor_size_range": {
            "min": 0.5,
            "max": 10.0
        },
        "floor_offset_range": {
            "min": 0.001,
            "max": 0.05
        },
        "collision_margin": 0.0001,
        "friction": 10,
        "camera_min_dist_from_origin": 0.1,
        "camera_max_dist_from_origin": 0.75,
        "camera_min_height": 0.5,
        "cam_min_dist_to_object": 0.1,
        "max_attempts_camera_randomization": 5
    },
    "environment": {
        "hdri": {
            "image": "hdri_haven/piazza_bologni_4k.hdr",
            "rotation_xyz_rad": [
                0.0,
                0.0,
                0.0
            ]
        }
    },
    "camera": {
        "focal_length_mm": 0.7220916748046875,
        "field_of_view": {
            "x_axis_rads": 1.2112585306167603,
            "y_axis_rads": 1.2112585306167603
        },
        "sensor_size": {
            "height_mm": 1.0,
            "width_mm": 1.0
        },
        "resolution": {
            "width_px": 640.0,
            "height_px": 480.0
        },
        "intrinsics": [
            [
                462.138671875,
                0.0,
                320.0
            ],
            [
                0.0,
                462.138671875,
                240.0
            ],
            [
                0.0,
                0.0,
                1.0
            ]
        ],
        "transforms": {
            "blender_cam": {
                "world2cam": {
                    "mat_4x4": [
                        [
                            0.9105318188667297,
                            0.4134390652179718,
                            -2.769368734334421e-09,
                            -0.008365370333194733
                        ],
                        [
                            -0.2648942172527313,
                            0.5833861231803894,
                            0.7677836418151855,
                            -0.08716844022274017
                        ],
                        [
                            0.3174317181110382,
                            -0.6990914344787598,
                            0.6407092213630676,
                            -0.36377426981925964
                        ],
                        [
                            0.0,
                            0.0,
                            0.0,
                            1.0
                        ]
                    ],
                    "quaternion_wxyz": [
                        0.8852439522743225,
                        -0.414257287979126,
                        -0.08964526653289795,
                        -0.19156676530838013
                    ],
                    "translation_xyz": [
                        -0.008365370333194733,
                        -0.08716844022274017,
                        -0.36377426981925964
                    ]
                },
                "cam2world": {
                    "mat_4x4": [
                        [
                            0.9105318784713745,
                            -0.2648942172527313,
                            0.3174317181110382,
                            0.10000000149011612
                        ],
                        [
                            0.4134390354156494,
                            0.5833861827850342,
                            -0.6990914344787598,
                            -0.20000000298023224
                        ],
                        [
                            0.0,
                            0.7677835822105408,
                            0.6407092809677124,
                            0.30000001192092896
                        ],
                        [
                            0.0,
                            0.0,
                            0.0,
                            1.0
                        ]
                    ],
                    "quaternion_wxyz": [
                        0.8852439522743225,
                        0.414257287979126,
                        0.08964526653289795,
                        0.19156676530838013
                    ],
                    "translation_xyz": [
                        0.10000000149011612,
                        -0.20000000298023224,
                        0.30000001192092896
                    ]
                }
            },
            "numpy_cam": {
                "world2cam": {
                    "mat_4x4": [
                        [
                            0.9105318188667297,
                            0.4134390652179718,
                            -4.5422625660762606e-09,
                            -0.008365370333194733
                        ],
                        [
                            0.2648942172527313,
                            -0.583386242389679,
                            -0.7677837014198303,
                            0.08716847002506256
                        ],
                        [
                            -0.3174317479133606,
                            0.6990914344787598,
                            -0.6407093405723572,
                            0.36377426981925964
                        ],
                        [
                            0.0,
                            0.0,
                            0.0,
                            1.0
                        ]
                    ],
                    "quaternion_wxyz": [
                        -0.41425731778144836,
                        -0.8852439522743225,
                        -0.19156676530838013,
                        0.08964527398347855
                    ],
                    "translation_xyz": [
                        -0.008365370333194733,
                        0.08716847002506256,
                        0.36377426981925964
                    ]
                },
                "cam2world": {
                    "mat_4x4": [
                        [
                            0.9105318188667297,
                            0.2648942172527313,
                            -0.3174317479133606,
                            0.10000001639127731
                        ],
                        [
                            0.4134390652179718,
                            -0.583386242389679,
                            0.6990914344787598,
                            -0.20000003278255463
                        ],
                        [
                            -4.5422625660762606e-09,
                            -0.7677837014198303,
                            -0.6407093405723572,
                            0.30000004172325134
                        ],
                        [
                            0.0,
                            0.0,
                            0.0,
                            1.0
                        ]
                    ],
                    "quaternion_wxyz": [
                        -0.41425731778144836,
                        0.8852439522743225,
                        0.19156676530838013,
                        -0.08964527398347855
                    ],
                    "translation_xyz": [
                        0.10000001639127731,
                        -0.20000003278255463,
                        0.30000004172325134
                    ]
                }
            }
        }
    },
    "material_mapping": {
        "Floor": 1,
        "Transparent": 2,
        "Opaque": 3
    },
    "objects": [
        {
            "file_id": "floorPlane",
            "obj_id": 1,
            "material": "Floor",
            "material_id": 1,
            "location_xyz": [
                0.0,
                0.0,
                0.024810457602143288
            ],
            "rotation_euler_xyz": [
                0.0,
                -0.0,
                0.0
            ],
            "rotation_quat_wxyz": [
                1.0,
                0.0,
                0.0,
                0.0
            ],
            "scale": [
                1.0,
                1.0,
                1.0
            ],
            "matrix_world": [
                [
                    1.0,
                    0.0,
                    0.0,
                    0.0
                ],
                [
                    0.0,
                    1.0,
                    0.0,
                    0.0
                ],
                [
                    0.0,
                    0.0,
                    1.0,
                    0.024810457602143288
                ],
                [
                    0.0,
                    0.0,
                    0.0,
                    1.0
                ]
            ]
        }
    ]
}
