{
    "render_information": {
        "blender_version": [
            2,
            92,
            0
        ],
        "num_samples": 500,
        "resolution_x": 640,
        "resolution_y": 480,
        "rendering_engine": "RenderingEngine.CYCLES",
        "random_seed": 0,
        "physics_sim_duration": 50,
        "api_version": "1.1"
    },
    "scene_setup_information": {
        "max_objects_per_scene_total": 8,
        "max_objects_per_scene_transparent": 8,
        "max_objects_per_scene_opaque": 0,
        "min_objects_per_scene": 5,
        "workspace_size": [
            0.512,
            0.512,
            0.256
        ],
        "camera_workspace_size": {
            "min": [
                -0.512,
                -0.512,
                0.512
            ],
            "max": [
                0.512,
                0.512,
                1.024
            ]
        },
        "camera_target_workspace_size": [
            0.256,
            0.256,
            0
        ],
        "floor_size": 8.522007589487957,
        "floor_size_range": {
            "min": 0.5,
            "max": 10.0
        },
        "floor_offset_range": {
            "min": 0.001,
            "max": 0.05
        },
        "collision_margin": 0.0001,
        "friction": 10,
        "camera_min_dist_from_origin": 0.1,
        "camera_max_dist_from_origin": 0.75,
        "camera_min_height": 0.5,
        "cam_min_dist_to_object": 0.1,
        "max_attempts_camera_randomization": 5
    },
    "environment": {
        "hdri": {
            "image": "hdri_haven/piazza_bologni_4k.hdr",
            "rotation_xyz_rad": [
                0.0,
                0.0,
                0.0
            ]
        }
    },
    "camera": {
        "focal_length_mm": 0.7220916748046875,
        "field_of_view": {
            "x_axis_rads": 1.2112585306167603,
            "y_axis_rads": 1.2112585306167603
        },
        "sensor_size": {
            "height_mm": 1.0,
            "width_mm": 1.0
        },
        "resolution": {
            "width_px": 640.0,
            "height_px": 480.0
        },
        "intrinsics": [
            [
                462.138671875,
                0.0,
                320.0
            ],
            [
                0.0,
                462.138671875,
                240.0
            ],
            [
                0.0,
                0.0,
                1.0
            ]
        ],
        "transforms": {
            "blender_cam": {
                "world2cam": {
                    "mat_4x4": [
                        [
                            0.9782552719116211,
                            -0.20740456879138947,
                            -1.5067612935126817e-08,
                            0.05634460970759392
                        ],
                        [
                            0.13845257461071014,
                            0.653032660484314,
                            0.7445665001869202,
                            -0.07891815900802612
                        ],
                        [
                            -0.1544264703989029,
                            -0.7283760905265808,
                            0.6675482988357544,
                            -0.361382395029068
                        ],
                        [
                            0.0,
                            0.0,
                            0.0,
                            1.0
                        ]
                    ],
                    "quaternion_wxyz": [
                        0.908134937286377,
                        -0.405485600233078,
                        0.04251198098063469,
                        0.09521083533763885
                    ],
                    "translation_xyz": [
                        0.05634460970759392,
                        -0.07891815900802612,
                        -0.361382395029068
                    ]
                },
                "cam2world": {
                    "mat_4x4": [
                        [
                            0.9782552719116211,
                            0.13845255970954895,
                            -0.1544264703989029,
                            -0.10000000149011612
                        ],
                        [
                            -0.20740455389022827,
                            0.653032660484314,
                            -0.7283760905265808,
                            -0.20000000298023224
                        ],
                        [
                            0.0,
                            0.7445664405822754,
                            0.6675483584403992,
                            0.30000001192092896
                        ],
                        [
                            0.0,
                            0.0,
                            0.0,
                            1.0
                        ]
                    ],
                    "quaternion_wxyz": [
                        0.908134937286377,
                        0.405485600233078,
                        -0.04251198098063469,
                        -0.09521083533763885
                    ],
                    "translation_xyz": [
                        -0.10000000149011612,
                        -0.20000000298023224,
                        0.30000001192092896
                    ]
                }
            },
            "numpy_cam": {
                "world2cam": {
                    "mat_4x4": [
                        [
                            0.9782552719116211,
                            -0.20740456879138947,
                            -1.3976489299238892e-08,
                            0.05634460970759392
                        ],
                        [
                            -0.13845257461071014,
                            -0.653032660484314,
                            -0.7445665597915649,
                            0.07891818881034851
                        ],
                        [
                            0.1544264853000641,
                            0.7283761501312256,
                            -0.6675483584403992,
                            0.361382395029068
                        ],
                        [
                            0.0,
                            0.0,
                            0.0,
                            1.0
                        ]
                    ],
                    "quaternion_wxyz": [
                        -0.4054856300354004,
                        -0.908134937286377,
                        0.09521083533763885,
                        -0.04251198470592499
                    ],
                    "translation_xyz": [
                        0.05634460970759392,
                        0.07891818881034851,
                        0.361382395029068
                    ]
                },
                "cam2world": {
                    "mat_4x4": [
                        [
                            0.9782552719116211,
                            -0.13845257461071014,
                            0.1544264853000641,
                            -0.10000000149011612
                        ],
                        [
                            -0.20740456879138947,
                            -0.653032660484314,
                            0.7283761501312256,
                            -0.20000004768371582
                        ],
                        [
                            -1.3976489299238892e-08,
                            -0.7445665597915649,
                            -0.6675483584403992,
                            0.30000007152557373
                        ],
                        [
                            0.0,
                            0.0,
                            0.0,
                            1.0
                        ]
                    ],
                    "quaternion_wxyz": [
                        -0.4054856300354004,
                        0.908134937286377,
                        -0.09521083533763885,
                        0.04251198470592499
                    ],
                    "translation_xyz": [
                        -0.10000000149011612,
                        -0.20000004768371582,
                        0.30000007152557373
                    ]
                }
            }
        }
    },
    "material_mapping": {
        "Floor": 1,
        "Transparent": 2,
        "Opaque": 3
    },
    "objects": [
        {
            "file_id": "floorPlane",
            "obj_id": 1,
            "material": "Floor",
            "material_id": 1,
            "location_xyz": [
                0.0,
                0.0,
                0.024810457602143288
            ],
            "rotation_euler_xyz": [
                0.0,
                -0.0,
                0.0
            ],
            "rotation_quat_wxyz": [
                1.0,
                0.0,
                0.0,
                0.0
            ],
            "scale": [
                1.0,
                1.0,
                1.0
            ],
            "matrix_world": [
                [
                    1.0,
                    0.0,
                    0.0,
                    0.0
                ],
                [
                    0.0,
                    1.0,
                    0.0,
                    0.0
                ],
                [
                    0.0,
                    0.0,
                    1.0,
                    0.024810457602143288
                ],
                [
                    0.0,
                    0.0,
                    0.0,
                    1.0
                ]
            ]
        }
    ]
}
