{
    "render_information": {
        "blender_version": [
            2,
            92,
            0
        ],
        "num_samples": 500,
        "resolution_x": 640,
        "resolution_y": 480,
        "rendering_engine": "RenderingEngine.CYCLES",
        "random_seed": 0,
        "physics_sim_duration": 50,
        "api_version": "1.1"
    },
    "scene_setup_information": {
        "max_objects_per_scene_total": 8,
        "max_objects_per_scene_transparent": 8,
        "max_objects_per_scene_opaque": 0,
        "min_objects_per_scene": 5,
        "workspace_size": [
            0.512,
            0.512,
            0.256
        ],
        "camera_workspace_size": {
            "min": [
                -0.512,
                -0.512,
                0.512
            ],
            "max": [
                0.512,
                0.512,
                1.024
            ]
        },
        "camera_target_workspace_size": [
            0.256,
            0.256,
            0
        ],
        "floor_size": 8.522007589487957,
        "floor_size_range": {
            "min": 0.5,
            "max": 10.0
        },
        "floor_offset_range": {
            "min": 0.001,
            "max": 0.05
        },
        "collision_margin": 0.0001,
        "friction": 10,
        "camera_min_dist_from_origin": 0.1,
        "camera_max_dist_from_origin": 0.75,
        "camera_min_height": 0.5,
        "cam_min_dist_to_object": 0.1,
        "max_attempts_camera_randomization": 5
    },
    "environment": {
        "hdri": {
            "image": "hdri_haven/piazza_bologni_4k.hdr",
            "rotation_xyz_rad": [
                0.0,
                0.0,
                0.0
            ]
        }
    },
    "camera": {
        "focal_length_mm": 0.7220916748046875,
        "field_of_view": {
            "x_axis_rads": 1.2112585306167603,
            "y_axis_rads": 1.2112585306167603
        },
        "sensor_size": {
            "height_mm": 1.0,
            "width_mm": 1.0
        },
        "resolution": {
            "width_px": 640.0,
            "height_px": 480.0
        },
        "intrinsics": [
            [
                462.138671875,
                0.0,
                320.0
            ],
            [
                0.0,
                462.138671875,
                240.0
            ],
            [
                0.0,
                0.0,
                1.0
            ]
        ],
        "transforms": {
            "blender_cam": {
                "world2cam": {
                    "mat_4x4": [
                        [
                            0.9927560687065125,
                            0.12014754861593246,
                            -2.678591348725945e-09,
                            0.024029510095715523
                        ],
                        [
                            -0.08085688948631287,
                            0.6681049466133118,
                            0.7396607398986816,
                            -0.08827724307775497
                        ],
                        [
                            0.08886842429637909,
                            -0.7343026399612427,
                            0.6729799509048462,
                            -0.34875452518463135
                        ],
                        [
                            0.0,
                            0.0,
                            0.0,
                            1.0
                        ]
                    ],
                    "quaternion_wxyz": [
                        0.9129404425621033,
                        -0.4036307632923126,
                        -0.024335768073797226,
                        -0.055043142288923264
                    ],
                    "translation_xyz": [
                        0.024029510095715523,
                        -0.08827724307775497,
                        -0.34875452518463135
                    ]
                },
                "cam2world": {
                    "mat_4x4": [
                        [
                            0.9927561283111572,
                            -0.08085688948631287,
                            0.08886842429637909,
                            0.0
                        ],
                        [
                            0.12014755606651306,
                            0.668104887008667,
                            -0.7343026399612427,
                            -0.20000000298023224
                        ],
                        [
                            0.0,
                            0.7396606802940369,
                            0.6729799509048462,
                            0.30000001192092896
                        ],
                        [
                            0.0,
                            0.0,
                            0.0,
                            1.0
                        ]
                    ],
                    "quaternion_wxyz": [
                        0.9129404425621033,
                        0.4036307632923126,
                        0.024335768073797226,
                        0.055043142288923264
                    ],
                    "translation_xyz": [
                        0.0,
                        -0.20000000298023224,
                        0.30000001192092896
                    ]
                }
            },
            "numpy_cam": {
                "world2cam": {
                    "mat_4x4": [
                        [
                            0.9927560687065125,
                            0.12014755606651306,
                            -2.798732579023522e-09,
                            0.024029510095715523
                        ],
                        [
                            0.08085688948631287,
                            -0.6681049466133118,
                            -0.7396607995033264,
                            0.08827727288007736
                        ],
                        [
                            -0.08886843174695969,
                            0.7343026995658875,
                            -0.672980010509491,
                            0.34875452518463135
                        ],
                        [
                            0.0,
                            0.0,
                            0.0,
                            1.0
                        ]
                    ],
                    "quaternion_wxyz": [
                        -0.403630793094635,
                        -0.9129404425621033,
                        -0.055043142288923264,
                        0.024335769936442375
                    ],
                    "translation_xyz": [
                        0.024029510095715523,
                        0.08827727288007736,
                        0.34875452518463135
                    ]
                },
                "cam2world": {
                    "mat_4x4": [
                        [
                            0.9927560687065125,
                            0.08085688948631287,
                            -0.08886843174695969,
                            -1.3969838619232178e-09
                        ],
                        [
                            0.12014755606651306,
                            -0.6681049466133118,
                            0.7343026995658875,
                            -0.20000000298023224
                        ],
                        [
                            -2.798732579023522e-09,
                            -0.7396607995033264,
                            -0.672980010509491,
                            0.30000001192092896
                        ],
                        [
                            0.0,
                            0.0,
                            0.0,
                            1.0
                        ]
                    ],
                    "quaternion_wxyz": [
                        -0.403630793094635,
                        0.9129404425621033,
                        0.055043142288923264,
                        -0.024335769936442375
                    ],
                    "translation_xyz": [
                        -1.3969838619232178e-09,
                        -0.20000000298023224,
                        0.30000001192092896
                    ]
                }
            }
        }
    },
    "material_mapping": {
        "Floor": 1,
        "Transparent": 2,
        "Opaque": 3
    },
    "objects": [
        {
            "file_id": "floorPlane",
            "obj_id": 1,
            "material": "Floor",
            "material_id": 1,
            "location_xyz": [
                0.0,
                0.0,
                0.024810457602143288
            ],
            "rotation_euler_xyz": [
                0.0,
                -0.0,
                0.0
            ],
            "rotation_quat_wxyz": [
                1.0,
                0.0,
                0.0,
                0.0
            ],
            "scale": [
                1.0,
                1.0,
                1.0
            ],
            "matrix_world": [
                [
                    1.0,
                    0.0,
                    0.0,
                    0.0
                ],
                [
                    0.0,
                    1.0,
                    0.0,
                    0.0
                ],
                [
                    0.0,
                    0.0,
                    1.0,
                    0.024810457602143288
                ],
                [
                    0.0,
                    0.0,
                    0.0,
                    1.0
                ]
            ]
        }
    ]
}
