{
    "render_information": {
        "blender_version": [
            2,
            92,
            0
        ],
        "num_samples": 500,
        "resolution_x": 640,
        "resolution_y": 480,
        "rendering_engine": "RenderingEngine.CYCLES",
        "random_seed": 0,
        "physics_sim_duration": 50,
        "api_version": "1.1"
    },
    "scene_setup_information": {
        "max_objects_per_scene_total": 8,
        "max_objects_per_scene_transparent": 8,
        "max_objects_per_scene_opaque": 0,
        "min_objects_per_scene": 5,
        "workspace_size": [
            0.512,
            0.512,
            0.256
        ],
        "camera_workspace_size": {
            "min": [
                -0.512,
                -0.512,
                0.512
            ],
            "max": [
                0.512,
                0.512,
                1.024
            ]
        },
        "camera_target_workspace_size": [
            0.256,
            0.256,
            0
        ],
        "floor_size": 8.522007589487957,
        "floor_size_range": {
            "min": 0.5,
            "max": 10.0
        },
        "floor_offset_range": {
            "min": 0.001,
            "max": 0.05
        },
        "collision_margin": 0.0001,
        "friction": 10,
        "camera_min_dist_from_origin": 0.1,
        "camera_max_dist_from_origin": 0.75,
        "camera_min_height": 0.5,
        "cam_min_dist_to_object": 0.1,
        "max_attempts_camera_randomization": 5
    },
    "environment": {
        "hdri": {
            "image": "hdri_haven/piazza_bologni_4k.hdr",
            "rotation_xyz_rad": [
                0.0,
                0.0,
                0.0
            ]
        }
    },
    "camera": {
        "focal_length_mm": 0.7220916748046875,
        "field_of_view": {
            "x_axis_rads": 1.2112585306167603,
            "y_axis_rads": 1.2112585306167603
        },
        "sensor_size": {
            "height_mm": 1.0,
            "width_mm": 1.0
        },
        "resolution": {
            "width_px": 640.0,
            "height_px": 480.0
        },
        "intrinsics": [
            [
                462.138671875,
                0.0,
                320.0
            ],
            [
                0.0,
                462.138671875,
                240.0
            ],
            [
                0.0,
                0.0,
                1.0
            ]
        ],
        "transforms": {
            "blender_cam": {
                "world2cam": {
                    "mat_4x4": [
                        [
                            0.8780434727668762,
                            -0.4785807728767395,
                            4.4370374041591276e-08,
                            0.07989248633384705
                        ],
                        [
                            0.3000381588935852,
                            0.5504747033119202,
                            0.7790728211402893,
                            -0.06361932307481766
                        ],
                        [
                            -0.37284937500953674,
                            -0.6840597987174988,
                            0.6269332766532898,
                            -0.3994618058204651
                        ],
                        [
                            0.0,
                            0.0,
                            0.0,
                            1.0
                        ]
                    ],
                    "quaternion_wxyz": [
                        0.873992383480072,
                        -0.41851985454559326,
                        0.10665122419595718,
                        0.22271902859210968
                    ],
                    "translation_xyz": [
                        0.07989248633384705,
                        -0.06361932307481766,
                        -0.3994618058204651
                    ]
                },
                "cam2world": {
                    "mat_4x4": [
                        [
                            0.8780434131622314,
                            0.30003824830055237,
                            -0.3728495240211487,
                            -0.20000000298023224
                        ],
                        [
                            -0.47858089208602905,
                            0.5504745841026306,
                            -0.6840600371360779,
                            -0.20000000298023224
                        ],
                        [
                            1.4901159417490817e-08,
                            0.7790729999542236,
                            0.626933217048645,
                            0.30000001192092896
                        ],
                        [
                            0.0,
                            0.0,
                            0.0,
                            1.0
                        ]
                    ],
                    "quaternion_wxyz": [
                        0.8739925026893616,
                        0.41851991415023804,
                        -0.10665123909711838,
                        -0.22271905839443207
                    ],
                    "translation_xyz": [
                        -0.20000000298023224,
                        -0.20000000298023224,
                        0.30000001192092896
                    ]
                }
            },
            "numpy_cam": {
                "world2cam": {
                    "mat_4x4": [
                        [
                            0.8780434727668762,
                            -0.4785808026790619,
                            4.411878506971334e-08,
                            0.07989248633384705
                        ],
                        [
                            -0.3000381588935852,
                            -0.5504743456840515,
                            -0.7790728807449341,
                            0.06361935287714005
                        ],
                        [
                            0.37284940481185913,
                            0.6840598583221436,
                            -0.6269329190254211,
                            0.3994618058204651
                        ],
                        [
                            0.0,
                            0.0,
                            0.0,
                            1.0
                        ]
                    ],
                    "quaternion_wxyz": [
                        -0.41851988434791565,
                        -0.873992383480072,
                        0.22271902859210968,
                        -0.10665123164653778
                    ],
                    "translation_xyz": [
                        0.07989248633384705,
                        0.06361935287714005,
                        0.3994618058204651
                    ]
                },
                "cam2world": {
                    "mat_4x4": [
                        [
                            0.8780434131622314,
                            -0.30003830790519714,
                            0.37284958362579346,
                            -0.20000000298023224
                        ],
                        [
                            -0.4785810112953186,
                            -0.550475001335144,
                            0.6840601563453674,
                            -0.20000003278255463
                        ],
                        [
                            3.161401807005859e-08,
                            -0.7790732383728027,
                            -0.6269335746765137,
                            0.30000004172325134
                        ],
                        [
                            0.0,
                            0.0,
                            0.0,
                            1.0
                        ]
                    ],
                    "quaternion_wxyz": [
                        -0.4185199737548828,
                        0.8739925622940063,
                        -0.22271908819675446,
                        0.10665125399827957
                    ],
                    "translation_xyz": [
                        -0.20000000298023224,
                        -0.20000003278255463,
                        0.30000004172325134
                    ]
                }
            }
        }
    },
    "material_mapping": {
        "Floor": 1,
        "Transparent": 2,
        "Opaque": 3
    },
    "objects": [
        {
            "file_id": "floorPlane",
            "obj_id": 1,
            "material": "Floor",
            "material_id": 1,
            "location_xyz": [
                0.0,
                0.0,
                0.024810457602143288
            ],
            "rotation_euler_xyz": [
                0.0,
                -0.0,
                0.0
            ],
            "rotation_quat_wxyz": [
                1.0,
                0.0,
                0.0,
                0.0
            ],
            "scale": [
                1.0,
                1.0,
                1.0
            ],
            "matrix_world": [
                [
                    1.0,
                    0.0,
                    0.0,
                    0.0
                ],
                [
                    0.0,
                    1.0,
                    0.0,
                    0.0
                ],
                [
                    0.0,
                    0.0,
                    1.0,
                    0.024810457602143288
                ],
                [
                    0.0,
                    0.0,
                    0.0,
                    1.0
                ]
            ]
        }
    ]
}
