{
    "render_information": {
        "blender_version": [
            2,
            92,
            0
        ],
        "num_samples": 500,
        "resolution_x": 640,
        "resolution_y": 480,
        "rendering_engine": "RenderingEngine.CYCLES",
        "random_seed": 0,
        "physics_sim_duration": 50,
        "api_version": "1.1"
    },
    "scene_setup_information": {
        "max_objects_per_scene_total": 8,
        "max_objects_per_scene_transparent": 8,
        "max_objects_per_scene_opaque": 0,
        "min_objects_per_scene": 5,
        "workspace_size": [
            0.512,
            0.512,
            0.256
        ],
        "camera_workspace_size": {
            "min": [
                -0.512,
                -0.512,
                0.512
            ],
            "max": [
                0.512,
                0.512,
                1.024
            ]
        },
        "camera_target_workspace_size": [
            0.256,
            0.256,
            0
        ],
        "floor_size": 8.522007589487957,
        "floor_size_range": {
            "min": 0.5,
            "max": 10.0
        },
        "floor_offset_range": {
            "min": 0.001,
            "max": 0.05
        },
        "collision_margin": 0.0001,
        "friction": 10,
        "camera_min_dist_from_origin": 0.1,
        "camera_max_dist_from_origin": 0.75,
        "camera_min_height": 0.5,
        "cam_min_dist_to_object": 0.1,
        "max_attempts_camera_randomization": 5
    },
    "environment": {
        "hdri": {
            "image": "hdri_haven/piazza_bologni_4k.hdr",
            "rotation_xyz_rad": [
                0.0,
                0.0,
                0.0
            ]
        }
    },
    "camera": {
        "focal_length_mm": 0.7220916748046875,
        "field_of_view": {
            "x_axis_rads": 1.2112585306167603,
            "y_axis_rads": 1.2112585306167603
        },
        "sensor_size": {
            "height_mm": 1.0,
            "width_mm": 1.0
        },
        "resolution": {
            "width_px": 640.0,
            "height_px": 480.0
        },
        "intrinsics": [
            [
                462.138671875,
                0.0,
                320.0
            ],
            [
                0.0,
                462.138671875,
                240.0
            ],
            [
                0.0,
                0.0,
                1.0
            ]
        ],
        "transforms": {
            "blender_cam": {
                "world2cam": {
                    "mat_4x4": [
                        [
                            0.6659689545631409,
                            0.7459794878959656,
                            6.348331282879371e-08,
                            -0.05059482902288437
                        ],
                        [
                            -0.3886394500732422,
                            0.3469555675983429,
                            0.853569746017456,
                            -0.07008795440196991
                        ],
                        [
                            0.6367454528808594,
                            -0.5684509873390198,
                            0.5209786891937256,
                            -0.4610074758529663
                        ],
                        [
                            0.0,
                            0.0,
                            0.0,
                            1.0
                        ]
                    ],
                    "quaternion_wxyz": [
                        0.795911967754364,
                        -0.4466639459133148,
                        -0.2000049650669098,
                        -0.356389582157135
                    ],
                    "translation_xyz": [
                        -0.05059482902288437,
                        -0.07008795440196991,
                        -0.4610074758529663
                    ]
                },
                "cam2world": {
                    "mat_4x4": [
                        [
                            0.6659690141677856,
                            -0.3886394500732422,
                            0.6367453336715698,
                            0.30000001192092896
                        ],
                        [
                            0.7459794282913208,
                            0.3469557762145996,
                            -0.568450927734375,
                            -0.20000000298023224
                        ],
                        [
                            -1.4901161193847656e-08,
                            0.8535696268081665,
                            0.5209787487983704,
                            0.30000001192092896
                        ],
                        [
                            0.0,
                            0.0,
                            0.0,
                            1.0
                        ]
                    ],
                    "quaternion_wxyz": [
                        0.795911967754364,
                        0.4466639459133148,
                        0.2000049650669098,
                        0.356389582157135
                    ],
                    "translation_xyz": [
                        0.30000001192092896,
                        -0.20000000298023224,
                        0.30000001192092896
                    ]
                }
            },
            "numpy_cam": {
                "world2cam": {
                    "mat_4x4": [
                        [
                            0.6659689545631409,
                            0.7459794878959656,
                            6.100576399603597e-08,
                            -0.05059482902288437
                        ],
                        [
                            0.3886394202709198,
                            -0.34695571660995483,
                            -0.8535698056221008,
                            0.07008799910545349
                        ],
                        [
                            -0.6367455124855042,
                            0.5684510469436646,
                            -0.5209788084030151,
                            0.4610074758529663
                        ],
                        [
                            0.0,
                            0.0,
                            0.0,
                            1.0
                        ]
                    ],
                    "quaternion_wxyz": [
                        -0.4466639757156372,
                        -0.795911967754364,
                        -0.356389582157135,
                        0.20000497996807098
                    ],
                    "translation_xyz": [
                        -0.05059482902288437,
                        0.07008799910545349,
                        0.4610074758529663
                    ]
                },
                "cam2world": {
                    "mat_4x4": [
                        [
                            0.6659690141677856,
                            0.388639360666275,
                            -0.6367453336715698,
                            0.29999998211860657
                        ],
                        [
                            0.7459793090820312,
                            -0.3469552993774414,
                            0.5684508681297302,
                            -0.19999998807907104
                        ],
                        [
                            8.702251363956748e-08,
                            -0.8535695672035217,
                            -0.5209783911705017,
                            0.2999999523162842
                        ],
                        [
                            0.0,
                            0.0,
                            0.0,
                            1.0
                        ]
                    ],
                    "quaternion_wxyz": [
                        -0.44666391611099243,
                        0.7959118485450745,
                        0.3563895523548126,
                        -0.2000049501657486
                    ],
                    "translation_xyz": [
                        0.29999998211860657,
                        -0.19999998807907104,
                        0.2999999523162842
                    ]
                }
            }
        }
    },
    "material_mapping": {
        "Floor": 1,
        "Transparent": 2,
        "Opaque": 3
    },
    "objects": [
        {
            "file_id": "floorPlane",
            "obj_id": 1,
            "material": "Floor",
            "material_id": 1,
            "location_xyz": [
                0.0,
                0.0,
                0.024810457602143288
            ],
            "rotation_euler_xyz": [
                0.0,
                -0.0,
                0.0
            ],
            "rotation_quat_wxyz": [
                1.0,
                0.0,
                0.0,
                0.0
            ],
            "scale": [
                1.0,
                1.0,
                1.0
            ],
            "matrix_world": [
                [
                    1.0,
                    0.0,
                    0.0,
                    0.0
                ],
                [
                    0.0,
                    1.0,
                    0.0,
                    0.0
                ],
                [
                    0.0,
                    0.0,
                    1.0,
                    0.024810457602143288
                ],
                [
                    0.0,
                    0.0,
                    0.0,
                    1.0
                ]
            ]
        }
    ]
}
